(10000, 5, 5014, 5020, 5031, 5042, 105047)
(10001, 3, 5031, 5042, 5053)
(10002, 2, 5029, 5040, 5046, 5052, 5058, 105053, 5048, 5054)
(10003, 3, 5044, 5045, 5046, 5047, 105042, 105036, 105030, 105019, 5014, 105009)
(10004, 1, 5020, 5031, 5037, 5043)
(10005, 1, 5046, 5047, 105042, 105036, 5041, 5047, 5048, 105043, 105037, 105031, 5026, 105021, 105010, 105004, 105003)
(10006, 2, 5013, 5014, 5015, 5021, 5032, 5043, 5054)
(10007, 2, 5011, 5012, 5018, 5029, 5040, 5051)
(10008, 3, 105057, 105056, 105055, 105049, 105038, 105027, 105016, 105005)
(10009, 2, 5027, 5033, 5034, 5040, 5051)
(10010, 3, 5017, 5023, 5029, 5040)
(10011, 3, 105001, 5006, 5017, 5028, 5034, 5035, 5036, 5037)
(10012, 2, 5028, 5039, 5050)
(10013, 2, 105027, 105016, 105005)
(10014, 2, 5002, 5003, 5004, 5010, 105015, 5020, 5031)
(10015, 1, 105034, 105028, 105017, 105006)
(10016, 1, 5006, 5017, 5028, 5039)
(10017, 2, 105034, 105033, 105027, 5022, 5023, 105018, 105007, 105001, 105000)
(10018, 1, 105022, 5027, 5033, 5039, 5050)
(10019, 2, 105042, 5037, 105032, 105021, 105010, 105004, 105003, 105002)
(10020, 2, 105049, 105038, 5033, 105028, 105017, 105011, 105005, 5000)
(10021, 2, 5018, 5029, 5040)
(10022, 1, 5014, 5020, 5031, 5037, 5043, 105048, 5053)
(10023, 2, 5045, 105040, 105034, 105028, 5023, 105018, 105007, 5002)
(10024, 3, 105028, 105017, 105006)
(10025, 1, 5008, 5019, 5025, 5031, 5037, 105032, 105026, 5031, 105036)
(10026, 1, 5016, 5027, 5033, 5034, 5040, 5046, 5047)
(10027, 3, 5041, 5052, 5058, 105053, 105047, 105041, 105030, 5025, 5026, 105021, 105010, 105004, 105003)
(10028, 1, 5019, 105024, 5029, 5040, 5051)
(10029, 2, 105041, 105030, 105024, 5029, 105034, 105033, 105027, 105016)
(10030, 3, 5057, 105052, 105041, 5036, 105031, 105025, 105024, 105023, 105017, 105006, 5001, 5002)
(10031, 1, 105031, 105025, 105019, 5014, 105009)
(10032, 2, 105049, 105038, 5033, 5034, 105029, 105018)
(10033, 2, 5029, 5040, 5046, 5052, 5058, 5059)
(10034, 2, 105043, 105037, 105031, 105025, 105019, 5014, 5015, 105010)
(10035, 3, 105052, 105041, 105030, 105019, 5014, 105009)
(10036, 1, 105051, 105040, 105029, 105018)
(10037, 3, 5045, 105040, 105029, 5024, 5025, 5026, 105021, 105010)
(10038, 2, 105033, 105027, 105016, 105005)
(10039, 2, 5055, 105050, 5045, 105040, 105029, 105018)
(10040, 1, 5009, 5020, 5031, 105036, 5041, 105046, 105045)
(10041, 1, 105033, 105027, 105016, 105005)
(10042, 1, 5045, 5046, 105041, 5036, 105031, 5026, 105021, 105015, 105009)
(10043, 1, 5002, 5008, 5019, 5030)
(10044, 4, 105050, 105039, 105033, 105027, 5022)
(10045, 1, 105048, 105047, 105041, 5036, 105031, 105025, 105024, 105023, 105022, 105016)
(10046, 1, 105041, 5036, 105031, 5026, 105021, 105015, 105014)
(10047, 1, 105036, 5041, 5052, 105057, 105051, 105040, 105034, 105028, 5023, 105018, 105007, 105001)
(10048, 2, 105032, 105026, 105025, 105019, 5014, 5015, 105010, 105004, 105003)
(10049, 2, 105032, 105021, 105010, 105004, 105003, 105002)
(10050, 2, 105038, 105027, 105016, 5011, 105006, 5001, 5002, 5008, 5014, 5015, 105010, 105004, 105003, 5008, 5014, 105009, 105003, 105002, 105001, 105000)
(10051, 3, 5045, 105040, 105034, 105028, 105017, 5012, 5013, 5014, 105009)
(10052, 3, 5031, 5042, 5053)
(10053, 1, 105029, 105018, 105007)
(10054, 3, 5032, 5043, 5054)
(10055, 1, 105028, 105017, 105006)
(10056, 3, 5012, 5018, 105023, 5028, 5034, 5040, 5046, 5052, 105057)
(10057, 1, 5019, 5025, 5026, 5032, 5043)
(10058, 2, 105057, 105051, 105040, 105034, 105033, 105027, 105016)
(10059, 3, 5021, 5032, 105037, 105036, 5041, 5052, 105057, 105056)
(10060, 3, 105049, 105038, 105027, 5022, 105017, 105011)
(10061, 3, 5016, 5027, 5038, 5044, 5045, 5046, 5052, 5058, 105053)
(10062, 2, 105038, 105027, 105016)
(10063, 3, 105059, 105053, 105042, 105031, 105025, 105024)
(10064, 3, 5032, 5043, 5054)
(10065, 1, 105032, 105021, 105015, 105009, 5004)
(10066, 2, 105014, 5019, 5030, 5041, 5052, 105057)
(10067, 3, 105048, 105042, 105036, 105030, 105019, 105008, 5003, 5004, 5010, 105015, 105014, 105008, 105002, 105001, 105000)
(10068, 3, 5000, 5001, 5007, 5013, 5014, 5020, 5031, 105036)
(10069, 3, 105015, 105014, 5019, 5025, 5031, 105036, 5041, 105046, 105045, 5050)
(10070, 1, 105046, 105040, 105034, 105033, 105027, 105016)
(10071, 2, 5016, 5027, 5033, 5034, 5040, 5046)
(10072, 1, 5008, 5019, 105024, 5029, 105034, 105033, 105027, 5022, 5028, 5039, 105044, 5049)
(10073, 3, 105034, 105033, 105027, 5022, 105017, 105011, 105005, 5000)
(10074, 3, 105046, 105045, 105044, 105038, 5033, 105028, 105017)
(10075, 1, 105004, 5009, 5015, 5021, 105026, 5031, 5042)
(10076, 3, 5031, 5037, 5043, 105048, 5053)
(10077, 1, 5005, 5016, 5027, 5038, 5044, 5045)
(10078, 1, 5057, 105052, 105041, 5036, 105031, 5026, 105021, 105015)
(10079, 3, 5027, 5033, 5034, 5040, 5051)
(10080, 1, 5032, 5043, 5054)
(10081, 1, 105027, 105016, 105005)
(10082, 1, 5016, 5027, 5033, 5034, 5040, 5051)
(10083, 1, 5001, 5007, 5018, 5029, 5040, 5051)
(10084, 2, 105027, 105016, 105005)
(10085, 3, 105014, 5019, 5030, 5041, 5052)
(10086, 3, 105033, 105027, 105016, 105005)
(10087, 2, 5027, 5038, 5049)
(10088, 2, 5030, 5041, 5052)
(10089, 1, 105050, 105044, 105038, 5033, 5034, 105029, 105023, 105022, 5027, 5033, 105028, 105022, 105016)
(10090, 1, 5011, 5017, 5028, 5039, 5050)
(10091, 2, 105057, 105051, 105040, 105034, 105028)
(10092, 3, 105059, 105053, 105047, 105046, 105040, 105034, 105033, 105027, 105016)
(10093, 2, 5058, 105053, 5048, 105043, 105032, 105021, 105010)
(10094, 1, 105045, 105044, 105038, 5033, 5034, 105029, 105023, 105022, 105016)
(10095, 1, 5031, 5042, 5053)
(10096, 2, 105033, 105027, 5022, 105017, 105011, 105005)
(10097, 3, 5056, 105051, 105040, 105029, 105018, 105007)
(10098, 3, 105027, 105016, 105005)
(10099, 3, 5056, 105051, 105040, 105029, 105018, 5013, 105008, 105002)
(10100, 1, 105042, 5037, 105032, 105021, 105010, 105004, 105003)
(10101, 2, 5012, 5013, 5014, 105009, 105003, 5008, 5019, 5030, 5041)
(10102, 3, 105027, 5022, 105017, 105006, 105000)
(10103, 1, 105041, 5036, 5037, 105032, 105021, 105010)
(10104, 1, 5018, 5024, 5030, 5041, 5052)
(10105, 1, 5010, 5021, 5032, 105037, 105036, 5041, 105046, 105045)
(10106, 2, 105044, 105038, 105027, 5022, 105017, 105011)
(10107, 1, 5016, 5027, 5033, 5034, 5040, 105045)
(10108, 3, 5026, 5032, 105037, 5042, 5053, 5059)
(10109, 3, 105051, 105045, 105044, 105038, 5033, 105028, 105017)
(10110, 2, 5017, 105022, 5027, 5038, 5049)
(10111, 1, 105015, 5020, 5026, 5032, 105037, 5042, 5053)
(10112, 1, 5014, 5015, 5021, 105026, 5031, 5037, 5043, 105048)
(10113, 3, 105027, 105016, 5011, 105006, 105000)
(10114, 2, 105055, 105049, 5044, 105039, 105033, 105027)
(10115, 2, 5031, 5042, 5053)
(10116, 2, 105047, 105046, 105040, 105029, 105018)
(10117, 5, 5056, 5057, 105052, 105041, 105030, 105019)
(10118, 1, 105055, 105049, 5044, 105039, 105033, 105027, 105016)
(10119, 4, 105004, 105003, 105002, 5007, 105012, 5017, 105022, 5027, 5033, 5039, 105044)
(10120, 1, 105056, 105050, 105039, 105033, 105027, 5022)
(10121, 3, 5033, 105028, 105022, 105016, 105005)
(10122, 1, 105037, 105031, 105025, 105019, 105008)
(10123, 1, 5007, 5013, 5019, 5030, 5041, 5052)
(10124, 2, 5015, 105010, 105004, 5009, 5015, 5021, 5032, 5043, 5054)
(10125, 3, 105004, 105003, 105002, 5007, 5013, 5019, 5030, 5041, 105046, 5051)
(10126, 1, 105027, 105016, 105005)
(10127, 1, 5001, 5002, 5003, 5004, 5010, 105015, 5020, 5026, 5032, 105037, 5042, 5048, 5054)
(10128, 3, 105057, 105051, 105040, 105034, 105028, 105017)
(10129, 3, 105039, 105033, 105027, 5022, 105017, 105006, 5001)
(10130, 1, 5046, 105041, 105030, 105019, 5014, 105009)
(10131, 1, 105030, 105019, 105008)
(10132, 3, 105041, 5036, 5037, 105032, 105026, 105025, 105024, 105018, 105012, 105006)
(10133, 2, 105024, 5029, 5035, 5036, 5037, 5043, 5054, 105059)
(10134, 3, 5046, 5052, 5058, 105053, 5048, 105043, 105037, 105031, 5026, 105021, 105015, 105009)
(10135, 2, 5055, 105050, 105039, 105028, 105022, 105016, 105005, 5000)
(10136, 1, 5017, 5028, 5039, 5050, 5056, 105051, 5046, 5047, 5048)
(10137, 2, 105034, 105028, 105022, 105016, 5011, 105006)
(10138, 3, 5048, 5054, 105059, 105053, 5048, 105043, 105032, 105021, 105015)
(10139, 3, 105033, 105027, 5022, 105017, 105011, 5016, 5027, 5033, 5034, 105029, 105018, 105007, 105001, 105000)
(10140, 1, 105036, 105030, 105019, 105008, 5003, 5009, 105014, 105008, 105002, 105001, 105000)
(10141, 2, 5020, 5031, 5042)
(10142, 3, 5001, 5002, 5003, 5009, 5020, 5031, 105036, 5041, 5047, 5053)
(10143, 3, 5059, 105054, 105043, 105032, 105021, 105010)
(10144, 1, 5010, 105015, 105014, 5019, 5030, 5041)
(10145, 2, 5010, 105015, 105014, 105008, 105002, 105001, 5006, 105011, 5016, 5022, 5028, 5039)
(10146, 3, 5025, 5026, 5032, 5043, 5054)
(10147, 2, 105039, 5034, 5035, 5036, 5037, 105032, 105021, 105010)
(10148, 1, 5027, 5033, 5034, 5040, 5051, 5057)
(10149, 3, 5032, 5043, 5054)
(10150, 2, 5032, 5043, 5054)
(10151, 2, 5001, 5007, 5013, 5014, 5020, 5031, 105036, 5041)
(10152, 2, 5053, 105058, 105052, 105046, 105040, 105034, 105033, 105027, 105016, 105005)
(10153, 1, 5028, 5034, 5040, 5051, 5057)
(10154, 3, 5000, 5001, 5007, 5013, 5019, 105024, 5029, 5035, 5041, 5052)
(10155, 2, 5047, 5053, 105058, 105057, 105051, 5046, 105041, 105030, 105024, 105018, 105012, 105006)
(10156, 1, 105050, 5045, 5046, 105041, 5036, 105031, 105025, 105019)
(10157, 2, 105036, 105030, 105019, 105008, 5003, 5009, 105014, 105008, 105002, 105001, 105000)
(10158, 1, 5024, 5025, 5031, 5037, 5043, 105048, 5053)
(10159, 1, 5016, 5027, 5033, 5039, 5045)
(10160, 3, 5015, 105010, 105004, 5009, 5015, 5021, 5032, 105037, 5042, 5048)
(10161, 2, 105050, 105039, 105028, 105017, 5012, 5013, 5014, 5015)
(10162, 1, 105039, 5034, 105029, 105018, 105007)
(10163, 1, 5023, 5024, 5025, 5026, 5032, 105037, 105036, 5041, 5052)
(10164, 1, 105044, 105038, 105027, 5022, 105017, 105006, 105000)
(10165, 1, 5007, 5018, 5029, 5040, 5051)
(10166, 2, 105053, 5048, 105043, 105032, 105021, 105015)
(10167, 3, 105001, 5006, 5017, 5028, 5039, 5050)
(10168, 2, 105033, 105027, 5022, 105017, 105006, 5001, 5002, 5003, 5004, 5010, 105015, 105009, 105003, 105002, 105001, 105000)
(10169, 1, 5001, 5007, 5013, 5014, 5020, 5031, 5042, 5053, 105058)
(10170, 1, 5022, 5028, 5039, 5050)
(10171, 2, 5001, 5007, 105012, 5017, 5028, 5034, 5040, 5046, 5052, 105057)
(10172, 3, 5045, 105040, 105029, 105018, 105007)
(10173, 3, 105053, 105042, 105031, 5026, 5032, 105037, 105036, 5041, 105046, 105040, 105034, 105033, 105027)
(10174, 2, 105015, 5020, 5031, 5042, 5053)
(10175, 1, 105052, 105046, 105040, 105034, 105033, 105027, 5022, 105017, 5012, 5013, 5014, 105009, 105003, 105002, 105001)
(10176, 1, 105004, 105003, 5008, 5019, 5030, 5041, 105046)
(10177, 3, 5027, 5033, 5034, 5040, 5046, 5052, 5058)
(10178, 3, 105047, 105046, 105045, 105044, 105038, 105027, 105016, 5011, 5012, 5018, 105023, 105022, 105016, 105005)
(10179, 1, 5003, 5009, 5020, 5031, 5042, 5053)
(10180, 1, 105051, 105040, 105034, 105033, 105027, 5022, 105017, 105006)
(10181, 2, 5009, 5020, 5026, 5032, 105037, 5042, 5053)
(10182, 1, 105038, 105027, 5022, 105017, 105011)
(10183, 5, 5009, 5020, 5031)
(10184, 1, 105049, 105038, 105027)
(10185, 2, 5027, 5038, 5049)
(10186, 2, 5030, 5041, 5052)
(10187, 2, 5007, 5013, 5014, 5015, 105010, 105004, 5009, 105014, 5019, 5030, 5036, 5037, 5043, 105048)
(10188, 3, 105054, 105048, 105042, 105031, 105025, 105019, 5014, 105009, 105003, 105002, 105001, 5006, 105011, 5016, 5027, 5033, 5034, 105029, 105018, 105007, 105001, 105000)
(10189, 2, 5010, 5021, 5032, 5043, 5054)
(10190, 2, 105037, 105031, 105025, 105024, 105018, 5013, 5014, 105009, 5004, 5010, 105015, 105014, 105008, 105002)
(10191, 3, 105055, 105049, 5044, 5045, 105040, 105034, 105033, 105027)
(10192, 1, 5021, 105026, 5031, 5037, 5043, 5054)
(10193, 2, 5014, 5015, 105010, 105004, 5009, 5015, 5021, 5032, 5043, 5054)
(10194, 1, 105057, 105051, 105040, 105034, 105033, 105027)
(10195, 2, 105038, 105027, 105016, 5011, 105006, 5001, 5007, 105012, 105006, 5001, 5007, 105012, 105011, 105005)
(10196, 1, 5006, 5017, 5028, 5034, 5040, 5046, 5047, 5053)
(10197, 3, 5046, 5052, 105057, 105051, 105040, 5035, 5041, 105046, 105040, 105029, 105018, 105007, 5002)
(10198, 3, 5011, 5017, 5028, 5034, 5040, 5051)
(10199, 2, 105048, 105047, 105046, 105040, 105034, 105028, 105017)
(10200, 2, 105019, 105008, 5003, 5009, 5015, 5021, 5032, 5043, 5054)
(10201, 2, 5032, 5043, 5054)
(10202, 1, 5053, 105058, 105052, 105046, 105040, 105034, 105033, 105027, 5022, 105017, 105011)
(10203, 2, 5031, 5042, 5053)
(10204, 2, 105038, 105027, 105016)
(10205, 3, 5044, 5045, 5046, 105041, 105030, 105019, 5014, 105009)
(10206, 2, 5044, 105039, 105033, 105027, 105016)
(10207, 2, 105055, 105049, 5044, 105039, 105033, 105027)
(10208, 2, 105008, 105002, 5007, 5018, 5029, 5040, 5046, 5052, 105057)
(10209, 3, 105027, 5022, 105017, 105006, 105000)
(10210, 3, 5013, 5014, 5015, 5021, 105026, 105025, 5030, 5041, 5047)
(10211, 2, 105015, 105014, 5019, 105024, 105023, 105022, 5027, 5038, 5044, 5050)
(10212, 3, 105038, 105027, 5022, 105017, 105011, 105005)
(10213, 2, 105034, 105033, 105027, 105016, 5011, 105006, 5001, 5002, 5008, 5014, 5015, 105010, 105004, 105003, 5008, 5014, 105009, 105003, 105002, 105001, 105000)
(10214, 3, 105011, 5016, 5027, 5038, 5049)
(10215, 1, 105027, 105016, 105005)
(10216, 3, 5028, 5039, 5050, 5056, 5057, 5058)
(10217, 1, 5021, 5032, 105037, 5042, 5048)
(10218, 1, 105027, 105016, 105005)
(10219, 2, 105029, 105023, 105017, 105006)
(10220, 2, 5018, 5029, 5040)
(10221, 1, 105030, 105019, 105008, 105002, 105001)
(10222, 3, 5017, 5023, 5024, 5030, 5036, 5037, 5043, 105048, 5053)
(10223, 1, 5025, 5031, 5037, 5043, 5054)
(10224, 3, 5008, 5019, 5030)
(10225, 1, 5021, 105026, 5031, 5037, 5043)
(10226, 1, 5002, 5003, 5004, 5010, 105015, 105014, 5019, 5030, 5041)
(10227, 1, 105046, 105040, 105034, 105033, 105027, 5022, 105017, 5012, 105007, 105001, 5006, 105011)
(10228, 2, 5019, 105024, 5029, 105034, 105033, 105027, 5022, 5028, 105033, 5038, 5044, 5050)
(10229, 2, 105039, 105028, 105017)
(10230, 3, 105042, 105031, 105025, 105019, 5014, 105009, 105003, 105002, 105001, 105000)
(10231, 1, 105059, 105058, 105052, 105046, 105040, 105029, 105018, 105007)
(10232, 3, 105042, 105031, 5026, 105021, 105015, 105014, 105008, 105002, 105001, 105000)
(10233, 1, 5014, 5015, 5021, 105026, 5031, 5037, 5043, 5054)
(10234, 1, 5008, 5019, 5030, 5041)
(10235, 3, 5030, 5041, 5052, 5058)
(10236, 3, 5000, 5006, 5017, 5028, 5039, 5050)
(10237, 3, 5013, 5014, 5020, 5031, 5037, 5043, 5054, 105059)
(10238, 2, 105052, 105046, 105040, 105029, 105018, 105007)
(10239, 2, 105040, 105029, 105018, 105007)
(10240, 1, 105052, 105046, 105040, 105029)
(10241, 2, 5020, 5031, 105036, 5041, 5052, 105057)
(10242, 3, 5029, 5040, 5046, 5052, 5058, 105053, 5048, 5054)
(10243, 1, 5055, 105050, 105039, 105028, 105017, 5012, 5013, 5019, 5025, 5026, 105021, 105015)
(10244, 1, 5027, 5033, 5034, 5040, 5051, 5057, 5058)
(10245, 2, 105027, 5022, 105017, 105011, 5016, 5027, 5033, 5034, 5040, 105045, 105039, 105033, 105027, 105016, 105005)
(10246, 3, 5053, 105058, 105052, 105046, 105040, 105034, 105028, 105022, 105016, 105005, 5000)
(10247, 3, 5017, 5028, 105033, 5038, 5044)
(10248, 1, 5004, 5010, 105015, 105009, 5004, 5010, 5021, 5032, 5043, 5054)
(10249, 2, 5022, 5028, 5034, 5040, 5051, 105056, 105055)
(10250, 3, 105037, 105031, 5026, 105021, 105010)
(10251, 2, 105043, 105037, 105036, 105030, 105019, 105008, 5003, 5004, 5010, 105015, 105014, 105008, 105002, 105001, 105000)
(10252, 1, 5031, 5042, 5053)
(10253, 3, 5008, 5019, 5025, 5031, 105036, 5041, 5052)
(10254, 3, 5054, 105059, 105053, 5048, 105043, 105032, 105021)
(10255, 2, 5057, 105052, 105041, 5036, 5037, 105032, 105021, 105015, 105014, 105008, 5003)
(10256, 2, 105047, 105046, 105040, 105034, 105033, 105027, 105016, 5011, 5017, 105022, 105016, 105005)
(10257, 3, 105037, 105036, 5041, 105046, 105040, 105034, 105033, 105027, 105016, 105005)
(10258, 3, 105051, 5046, 105041, 5036, 5037, 105032, 105021, 105010, 105004)
(10259, 1, 5030, 5041, 5052, 5058)
(10260, 2, 105052, 105041, 105030, 105019, 5014, 105009, 105003, 105002, 5007)
(10261, 2, 5055, 5056, 5057, 105052, 105041, 105030, 105019, 105008)
(10262, 2, 105027, 105016, 105005)
(10263, 3, 5019, 105024, 5029, 105034, 5039, 105044, 5049)
(10264, 2, 5025, 5026, 5032, 105037, 5042, 5053, 5059)
(10265, 3, 105036, 105030, 105019, 5014, 105009, 105003)
(10266, 4, 105004, 5009, 5015, 5021, 105026, 5031, 5037, 5043, 5054, 105059, 105053)
(10267, 3, 5048, 105043, 105037, 105036, 105030, 105019, 5014)
(10268, 3, 105046, 105045, 105044, 105038, 5033, 5039, 105044, 105038, 5033, 105028, 105022, 105016, 105005)
(10269, 3, 105036, 105030, 105019, 5014, 105009, 105003, 105002, 105001, 105000)
(10270, 1, 5027, 5033, 5034, 5035, 5036, 5037, 5043, 105048, 5053, 5059)
(10271, 1, 5019, 105024, 5029, 5040, 5046)
(10272, 3, 105029, 105018, 105007)
(10273, 2, 5012, 5013, 5014, 5020, 105025, 5030, 5041, 105046, 5051)
(10274, 2, 105040, 105034, 105033, 105027, 105016, 5011, 105006)
(10275, 3, 5002, 5003, 5009, 5015, 5021, 5032)
(10276, 2, 5017, 5023, 5024, 5025, 5026, 5032, 5043, 105048, 5053)
(10277, 2, 5053, 105058, 105052, 105041, 105030, 105024, 105023, 105022, 5027, 5033, 105028, 105022, 105016, 105005)
(10278, 2, 105043, 105037, 105036, 105030, 105019, 105008, 105002, 5007)
(10279, 1, 5030, 5041, 5047, 5053)
(10280, 2, 5056, 5057, 105052, 105041, 5036, 105031, 105025, 105019)
(10281, 2, 5020, 5031, 5042, 5053)
(10282, 4, 105004, 105003, 5008, 5019, 5030, 5041, 5052)
(10283, 3, 5001, 5002, 5003, 5009, 105014, 5019, 5030, 5036)
(10284, 2, 105004, 5009, 5020, 5031, 5042, 5053, 105058, 105057)
(10285, 1, 105032, 105021, 105010)
(10286, 2, 5013, 5019, 5025, 5026, 5032, 105037, 105036, 5041)
(10287, 3, 105039, 105028, 5023, 5024, 105019, 5014, 5015, 105010, 105004, 105003, 105002, 105001)
(10288, 1, 5030, 5041, 5052, 5058)
(10289, 3, 5055, 5056, 5057, 105052, 105041, 5036, 105031, 105025, 105019)
(10290, 1, 5056, 105051, 105040, 5035, 5036, 5037, 105032, 105021)
(10291, 3, 105027, 105016, 5011, 105006, 105000)
(10292, 1, 5025, 5031, 5042, 5053)
(10293, 3, 105009, 5004, 5010, 105015, 5020, 5031, 5042)
(10294, 4, 5055, 5056, 105051, 5046, 105041, 5036, 5037, 105032, 105021)
(10295, 1, 105047, 5052, 5058, 5059, 105054, 105043, 105032, 105021, 105015, 105009)
(10296, 1, 105049, 5044, 5045, 105040, 105029, 5024, 105019, 105008)
(10297, 1, 105047, 5052, 5058, 105053, 105047, 105046, 105040, 105034, 105028, 105017, 105006)
(10298, 1, 5021, 105026, 5031, 5042, 5048)
(10299, 1, 105029, 105023, 105017, 105006)
(10300, 1, 5000, 5006, 105011, 105005, 5000, 5001, 5007, 5013, 5019, 5025, 5026, 5032, 5043, 105048, 5053, 5059)
(10301, 3, 5029, 5035, 105030, 5025, 5026, 5032, 5043, 5054)
(10302, 2, 105029, 105018, 105007)
(10303, 2, 5044, 5045, 105040, 105029, 105023, 105017, 105006, 5001)
(10304, 2, 5028, 5034, 5040, 5051)
(10305, 1, 5030, 5041, 5047, 5053)
(10306, 2, 105044, 5049, 5055, 105050, 105039, 105033, 105027, 105016)
(10307, 3, 105003, 105002, 105001, 105000, 5005, 5016, 5027, 5038)
(10308, 2, 5021, 105026, 5031, 5042, 5053, 105058)
(10309, 3, 5055, 105050, 105039, 5034, 5035, 105030, 5025, 5026, 105021, 105015, 105009)
(10310, 1, 5012, 105007, 105001, 5006, 105011, 5016, 5022, 5028, 5034, 5040)
(10311, 1, 5018, 5029, 5040, 5046)
(10312, 3, 105054, 105048, 105042, 105036, 105030, 105024, 105023, 105017, 5012, 105007)
(10313, 3, 105007, 105001, 5006, 5017, 5028, 5034, 5040)
(10314, 2, 105033, 105027, 5022, 105017, 105011, 105005)
(10315, 3, 5055, 5056, 5057, 105052, 105041, 5036, 105031, 105025, 105019)
(10316, 2, 105044, 105038, 105027, 5022, 105017, 105011, 105005)
(10317, 1, 105057, 105051, 105040, 105029, 105023, 105017, 105006, 5001)
(10318, 3, 5032, 5043, 5054)
(10319, 2, 105027, 105016, 105005)
(10320, 3, 105051, 105040, 105029, 105018)
(10321, 2, 5004, 5010, 105015, 105009, 5004, 5010, 5021, 5032, 5043, 5054)
(10322, 2, 105011, 5016, 5022, 5028, 5034, 5040, 5046, 5052, 5058, 105053)
(10323, 2, 105040, 105034, 105033, 105027, 5022, 105017, 105006, 105000)
(10324, 4, 5007, 5013, 5014, 5020, 5031, 5037, 5043, 105048, 5053)
(10325, 3, 105034, 105028, 105017, 5012, 105007, 105001)
(10326, 3, 105042, 105031, 105025, 105024, 105018)
(10327, 2, 5044, 105039, 105028, 105017, 5012, 105007, 105001)
(10328, 5, 105050, 105039, 105033, 105027, 5022, 105017)
(10329, 1, 105031, 105025, 105019, 105008, 105002, 105001)
(10330, 2, 5023, 5024, 5025, 5026, 5032, 5043, 5054)
(10331, 1, 5005, 5016, 5027, 5038, 5044, 5050, 105055)
(10332, 2, 5020, 5031, 105036, 5041, 5052, 105057)
(10333, 3, 105034, 105028, 105022, 105016, 105005)
(10334, 1, 5003, 5004, 5010, 105015, 5020, 5031, 5037, 5043, 5054)
(10335, 1, 105029, 105018, 105007, 105001)
(10336, 1, 5003, 5004, 5010, 105015, 105009, 5004, 5010, 5021, 105026, 5031, 5042, 5048, 5054)
(10337, 3, 105052, 105041, 5036, 5037, 105032, 105021, 105015, 105009)
(10338, 3, 105051, 105040, 105034, 105033, 105027, 105016)
(10339, 2, 5021, 5032, 5043)
(10340, 3, 105037, 105031, 5026, 105021, 105015, 105014, 5019, 5030, 5036, 105031, 105025, 105024, 105023, 105022, 105016, 105005)
(10341, 1, 5010, 105015, 105014, 5019, 5030, 5041)
(10342, 1, 5009, 5020, 5031)
(10343, 3, 5026, 5032, 5043, 5054)
(10344, 3, 5033, 105028, 105022, 5027, 5033, 5034, 105029, 105018, 105007, 105001, 105000)
(10345, 2, 105030, 105019, 105008, 105002)
(10346, 3, 5010, 5021, 5032, 105037, 5042, 5053, 5059)
(10347, 3, 5030, 5041, 5047, 5053)
(10348, 2, 105004, 5009, 5020, 5031, 5042, 5053, 105058)
(10349, 2, 105039, 5034, 5035, 105030, 105019, 5014, 105009)
(10350, 1, 5056, 105051, 105040, 105034, 105028, 105017, 5012, 5013, 5014)
(10351, 2, 5016, 5027, 5033, 5034, 5040, 5046, 5052)
(10352, 1, 105043, 105037, 105031, 5026, 105021, 105015, 105014, 105008, 5003, 5004)
(10353, 3, 105051, 105040, 105034, 105033, 105027, 5022, 5023, 5024, 105019, 5014, 5015, 105010, 105004, 105003, 5008, 5014, 105009, 105003, 105002)
(10354, 3, 105049, 5044, 5050, 5056, 105051, 105040, 105029, 5024, 105019)
(10355, 2, 105051, 105040, 5035, 105030, 105019)
(10356, 3, 5032, 5043, 5054)
(10357, 2, 5048, 105043, 105032, 105026, 105025, 105019, 105008, 105002, 105001, 5006)
(10358, 2, 5006, 105011, 5016, 5027, 5038)
(10359, 1, 105004, 5009, 105014, 5019, 5025, 5031, 105036, 5041, 105046, 105045, 105044, 5049)
(10360, 2, 105032, 105021, 105015, 105009)
(10361, 3, 105001, 105000, 5005, 5016, 5027, 5038)
(10362, 2, 5019, 105024, 5029, 105034, 105033, 105027, 5022, 5028, 5039, 105044, 5049, 5055)
(10363, 3, 105052, 105046, 105045, 105044, 105038, 5033, 105028, 105017)
(10364, 2, 105029, 105018, 105007, 105001)
(10365, 1, 5021, 105026, 5031, 5037, 5043)
(10366, 1, 5023, 5024, 5025, 5026, 5032, 5043, 105048, 5053, 5059)
(10367, 2, 5058, 105053, 105047, 105046, 105040, 105034, 105033, 105027, 105016, 105005)
(10368, 1, 5029, 5035, 5036, 5037, 5043, 105048, 5053, 5059)
(10369, 2, 105032, 105021, 105010)
(10370, 2, 105004, 5009, 5020, 5026, 5032, 105037, 105036, 5041)
(10371, 1, 105015, 105014, 5019, 5030, 5041, 5052)
(10372, 3, 5048, 5054, 105059, 105053, 5048, 105043, 105032, 105021, 105015)
(10373, 1, 5013, 5019, 5030, 5041)
(10374, 3, 105037, 105036, 105030, 105019, 105008)
(10375, 3, 5044, 105039, 105033, 105027, 105016, 5011, 105006)
(10376, 2, 105054, 105043, 105032, 105021, 105015)
(10377, 3, 5010, 5021, 5032)
(10378, 1, 5019, 105024, 5029, 105034, 105033, 5038, 5049)
(10379, 5, 105055, 105049, 5044, 105039, 105028, 5023, 105018, 105012)
(10380, 3, 105015, 105009, 105003, 105002, 5007, 105012, 5017, 105022, 5027, 5038, 5049)
(10381, 2, 5028, 5034, 5040, 5051, 5057, 5058, 5059)
(10382, 1, 105004, 105003, 105002, 105001, 5006, 5017, 105022, 5027, 5033, 5034, 5040, 105045, 5050, 105055)
(10383, 2, 105032, 105026, 105025, 105024, 5029, 105034, 105033, 105027, 105016, 105005)
(10384, 2, 105002, 105001, 105000, 5005, 5016, 5027, 5038, 5049)
(10385, 1, 5010, 105015, 5020, 5026, 5032, 105037, 5042)
(10386, 1, 105054, 105043, 105037, 105036, 105030, 105019)
(10387, 4, 5055, 105050, 105039, 5034, 105029, 105018, 105007)
(10388, 1, 5055, 105050, 105039, 105028, 5023, 5024, 105019, 5014, 5015)
(10389, 3, 5005, 5016, 5027, 5038)
(10390, 3, 105032, 105021, 105010, 105004, 105003)
(10391, 2, 105038, 5033, 5034, 105029, 5024, 105019, 5014, 105009)
(10392, 1, 105028, 105017, 5012, 105007, 105001)
(10393, 3, 105028, 105022, 105016, 5011, 105006, 105000)
(10394, 2, 5029, 5040, 5046, 5052)
(10395, 2, 5037, 105032, 105021, 105015, 105009)
(10396, 2, 105012, 5017, 5028, 5034, 5040, 5051, 105056)
(10397, 1, 5027, 5033, 5034, 5040, 5051, 5057, 5058)
(10398, 2, 5027, 5033, 5039, 5050)
(10399, 2, 105024, 5029, 5035, 105030, 5025, 5031, 5042, 5053)
(10400, 3, 5018, 5029, 5040)
(10401, 4, 5010, 5021, 5032, 5043, 5054)
(10402, 1, 105044, 105038, 105027, 105016, 105005)
(10403, 3, 5014, 5015, 5021, 5032, 5043, 5054)
(10404, 2, 5026, 5032, 105037, 5042, 5053)
(10405, 3, 105027, 105016, 105005)
(10406, 1, 5028, 5039, 5050)
(10407, 1, 105054, 105043, 105032)
(10408, 3, 105028, 105022, 105016, 5011, 105006, 105000)
(10409, 1, 105053, 105047, 105046, 5051, 5057, 105052, 105041, 5036, 105031, 105025, 105019, 5014, 105009)
(10410, 3, 5029, 5035, 5041, 5047, 5053)
(10411, 2, 5027, 5038, 5049)
(10412, 3, 105053, 105047, 105046, 5051, 105056, 105050, 105039, 5034, 105029, 105018, 105007)
(10413, 2, 5031, 5042, 5053)
(10414, 3, 105058, 105052, 105041, 5036, 105031, 5026, 105021, 105015, 105009)
(10415, 2, 105049, 105038, 105027, 5022, 5023, 5024, 105019, 5014, 5015, 105010, 105004)
(10416, 4, 5037, 105032, 105021, 105010, 105004, 105003, 105002)
(10417, 4, 105003, 5008, 5014, 5020, 5031, 5042, 105047, 5052, 105057, 105056)
(10418, 1, 105015, 105014, 5019, 5030, 5041, 5052)
(10419, 1, 105002, 105001, 105000, 5005, 5016, 5027, 5038, 5049)
(10420, 2, 105032, 105026, 105025, 105024, 105023, 105017, 105006)
(10421, 1, 5045, 5046, 105041, 5036, 5037, 105032, 105026, 5031, 105036, 105030, 105019, 105008)
(10422, 2, 5020, 5031, 5037, 5043, 105048, 5053)
(10423, 3, 5026, 5032, 5043, 5054)
(10424, 3, 5034, 105029, 105018, 105007, 105001)
(10425, 1, 5001, 5007, 105012, 5017, 5028, 5034, 5040)
(10426, 2, 105037, 105031, 105025, 105019, 105008, 5003, 5009, 105014, 105008, 5003, 5009, 105014, 5019, 105024, 105018, 105012, 105006)
(10427, 3, 5016, 5027, 5033, 5034, 5040, 5046, 5047, 5053)
(10428, 3, 105004, 105003, 5008, 5019, 5030, 5041, 5052, 5058)
(10429, 3, 5000, 5001, 5002, 5003, 5004, 5010, 5021, 5032, 5043, 5054)
(10430, 1, 5027, 5038, 5044, 5050, 5056, 5057)
(10431, 2, 5028, 5034, 5040, 5051, 105056, 105050, 5045, 5046, 5047, 5053)
(10432, 1, 105049, 5044, 5045, 5046, 5047, 5048, 105043, 105032, 105021, 105010)
(10433, 1, 105037, 105031, 105025, 105024, 105023, 105022, 105016, 105005)
(10434, 2, 105046, 105040, 105034, 105033, 105027, 5022, 105017, 5012, 5013, 105008, 5003, 5004, 5010, 105015, 105014, 105008, 105002, 105001)
(10435, 1, 105050, 105044, 5049, 5055, 105050, 5045, 105040, 105034, 105028, 105017)
(10436, 3, 5026, 5032, 5043, 5054)
(10437, 1, 105046, 105040, 105034, 105028, 105022, 105016, 5011)
(10438, 2, 105034, 105028, 105022, 105016, 5011, 105006)
(10439, 2, 105002, 5007, 5018, 105023, 5028, 5034, 5040)
(10440, 2, 5011, 5012, 5018, 5029, 5040, 5051)
(10441, 1, 105002, 5007, 105012, 105011, 105005, 5000, 5001, 5007, 5018, 5029, 5040, 5051)
(10442, 1, 105037, 105031, 105025, 105024, 105023, 105022, 105016, 105005)
(10443, 2, 5056, 105051, 105040, 105029, 105018)
(10444, 3, 105030, 105019, 105008, 105002, 105001, 5006, 105011, 5016, 5022, 105017, 105011, 105005)
(10445, 2, 105008, 105002, 105001, 5006, 5017, 105022, 5027, 5038, 5044, 5050, 105055)
(10446, 2, 105056, 105055, 105049, 105038, 105027, 5022)
(10447, 1, 105052, 105046, 105040, 105029)
(10448, 2, 5015, 105010, 105004, 5009, 5015, 5021, 105026, 105025, 5030, 5036, 5037, 5043)
(10449, 1, 5046, 5047, 105042, 5037, 105032, 105021, 105010)
(10450, 1, 105030, 105019, 105008, 105002)
(10451, 4, 5000, 5001, 5002, 5003, 5004, 5010, 5021, 5032, 5043)
(10452, 3, 105058, 105052, 105041, 5036, 5037, 105032, 105021, 105015, 105014, 105008, 105002, 105001)
(10453, 1, 5055, 5056, 5057, 105052, 5047, 105042, 105031, 5026, 105021)
(10454, 1, 5032, 5043, 5054)
(10455, 2, 105031, 105025, 105024, 105018, 5013, 5014, 105009, 105003, 105002)
(10456, 4, 105036, 5041, 105046, 105040, 105034, 105033, 105027, 5022, 5023, 105018, 105007, 105001)
(10457, 1, 105011, 5016, 5027, 5033, 5039, 5050, 105055)
(10458, 3, 105053, 105042, 105031, 5026, 5032, 105037, 105036, 105030)
(10459, 1, 5005, 5016, 5027, 5038, 5049)
(10460, 3, 105009, 105003, 5008, 5019, 5030, 5041, 5052, 105057)
(10461, 1, 105045, 105044, 105038, 105027, 105016, 5011, 5012, 105007, 105001, 5006, 105011, 105005)
(10462, 3, 105043, 105037, 105036, 5041, 105046, 105045, 105044, 105038, 5033, 105028, 105017)
(10463, 1, 105001, 5006, 105011, 5016, 5027, 5038)
(10464, 3, 5027, 5038, 5049)
(10465, 2, 5050, 105055, 105049, 5044, 5045, 105040, 105034, 105028, 105017, 105006)
(10466, 1, 105040, 105029, 105018)
(10467, 1, 5005, 5016, 5027, 5033, 5039, 105044)
(10468, 1, 105031, 105025, 105024, 105023, 105022, 105016, 105005)
(10469, 3, 5011, 5017, 5028, 5034, 5040)
(10470, 1, 105052, 105041, 5036, 105031, 5026, 5032, 105037, 105036, 5041, 105046, 105040, 105034, 105033, 105027)
(10471, 2, 5021, 105026, 5031, 105036, 5041, 5052, 105057)
(10472, 3, 5032, 5043, 5054)
(10473, 3, 105032, 105021, 105010)
(10474, 2, 5017, 5023, 5024, 5025, 5031, 5037, 5043, 105048, 5053, 5059)
(10475, 2, 105004, 105003, 5008, 5019, 105024, 5029, 105034, 5039, 5050)
(10476, 3, 5033, 105028, 105022, 105016, 105005)
(10477, 4, 105059, 105058, 105057, 105056, 105050, 105039, 105033, 105027, 105016, 5011, 105006)
(10478, 2, 105030, 105019, 105008, 105002, 105001, 5006, 105011, 105005)
(10479, 3, 5001, 5002, 5003, 5009, 5015, 5021, 5032)
(10480, 5, 5007, 5018, 5029, 5040, 5051)
(10481, 1, 5010, 105015, 105014, 5019, 5030, 5041, 105046, 105045, 105044)
(10482, 2, 105052, 105041, 5036, 5037, 105032, 105021, 105015, 105009)
(10483, 2, 105052, 105041, 5036, 5037, 105032, 105021, 105015)
(10484, 1, 5029, 5040, 5046, 5052, 5058, 5059)
(10485, 2, 5007, 5013, 5014, 5015, 5021, 105026, 5031, 5037, 5043)
(10486, 2, 105015, 5020, 5031, 5042, 5053)
(10487, 1, 105040, 105029, 105018)
(10488, 1, 105040, 105029, 105023, 105022, 105016)
(10489, 3, 5040, 5046, 5047, 105042, 105031, 105025, 105024, 105018, 105007)
(10490, 3, 5028, 105033, 105027, 5022, 5023, 5024, 5025, 5026, 5032, 5043, 5054)
(10491, 3, 105043, 105032, 105021, 105015)
(10492, 2, 105040, 105034, 105033, 105027, 105016)
(10493, 1, 105039, 5034, 105029, 5024, 5025, 5026, 105021, 105010)
(10494, 2, 5037, 105032, 105021, 105010, 105004)
(10495, 1, 5028, 5039, 5050)
(10496, 3, 5059, 105054, 105043, 105032, 105021, 105010)
(10497, 2, 5012, 5013, 5014, 5015, 5021, 5032, 5043)
(10498, 2, 105028, 105017, 105011, 105005)
(10499, 2, 5022, 5028, 5034, 5040, 5051, 105056, 105055)
(10500, 4, 105026, 5031, 5037, 5043, 5054)
(10501, 1, 5025, 5031, 5042, 5053)
(10502, 3, 105043, 105037, 105036, 105030, 105019, 105008)
(10503, 3, 105044, 5049, 5055, 105050, 105039, 105033, 105027, 105016, 105005)
(10504, 1, 5024, 105019, 105008, 5003, 5009, 105014, 5019, 5030, 5041, 5052)
(10505, 3, 105037, 105036, 5041, 105046, 105040, 105029, 105018, 105007)
(10506, 2, 5003, 5004, 5010, 105015, 105009, 5004, 5010, 5021, 105026, 5031, 5037)
(10507, 3, 5005, 5016, 5027, 5033, 5039, 5050, 105055)
(10508, 2, 5021, 5032, 5043)
(10509, 2, 105000, 5005, 5016, 5027, 5038, 5044, 5050, 105055)
(10510, 1, 105041, 5036, 5037, 105032, 105026, 105025, 105024, 105018, 105012, 105011)
(10511, 1, 5016, 5027, 5033, 5034, 5040, 105045, 5050)
